{
 "cells": [
  {
   "cell_type": "markdown",
   "id": "e96b2a96",
   "metadata": {},
   "source": [
    "## Correlations-\n",
    "\n",
    " - calculating the co-relation\n",
    " - co-relation lies in between -1 to +1 \n",
    " - it is a negative co-relation as wieght increases and milage decrease"
   ]
  },
  {
   "cell_type": "code",
   "execution_count": 1,
   "id": "6d24d3d8",
   "metadata": {},
   "outputs": [],
   "source": [
    "# importing the library\n",
    "import pandas as pd"
   ]
  },
  {
   "cell_type": "code",
   "execution_count": 2,
   "id": "880cfda9",
   "metadata": {},
   "outputs": [
    {
     "data": {
      "text/html": [
       "<div>\n",
       "<style scoped>\n",
       "    .dataframe tbody tr th:only-of-type {\n",
       "        vertical-align: middle;\n",
       "    }\n",
       "\n",
       "    .dataframe tbody tr th {\n",
       "        vertical-align: top;\n",
       "    }\n",
       "\n",
       "    .dataframe thead th {\n",
       "        text-align: right;\n",
       "    }\n",
       "</style>\n",
       "<table border=\"1\" class=\"dataframe\">\n",
       "  <thead>\n",
       "    <tr style=\"text-align: right;\">\n",
       "      <th></th>\n",
       "      <th>mpg</th>\n",
       "      <th>cyl</th>\n",
       "      <th>disp</th>\n",
       "      <th>hp</th>\n",
       "      <th>drat</th>\n",
       "      <th>wt</th>\n",
       "      <th>qsec</th>\n",
       "      <th>vs</th>\n",
       "      <th>am</th>\n",
       "      <th>gear</th>\n",
       "      <th>carb</th>\n",
       "    </tr>\n",
       "  </thead>\n",
       "  <tbody>\n",
       "    <tr>\n",
       "      <th>0</th>\n",
       "      <td>21.0</td>\n",
       "      <td>6</td>\n",
       "      <td>160.0</td>\n",
       "      <td>110</td>\n",
       "      <td>3.90</td>\n",
       "      <td>2.620</td>\n",
       "      <td>16.46</td>\n",
       "      <td>0</td>\n",
       "      <td>1</td>\n",
       "      <td>4</td>\n",
       "      <td>4</td>\n",
       "    </tr>\n",
       "    <tr>\n",
       "      <th>1</th>\n",
       "      <td>21.0</td>\n",
       "      <td>6</td>\n",
       "      <td>160.0</td>\n",
       "      <td>110</td>\n",
       "      <td>3.90</td>\n",
       "      <td>2.875</td>\n",
       "      <td>17.02</td>\n",
       "      <td>0</td>\n",
       "      <td>1</td>\n",
       "      <td>4</td>\n",
       "      <td>4</td>\n",
       "    </tr>\n",
       "    <tr>\n",
       "      <th>2</th>\n",
       "      <td>22.8</td>\n",
       "      <td>4</td>\n",
       "      <td>108.0</td>\n",
       "      <td>93</td>\n",
       "      <td>3.85</td>\n",
       "      <td>2.320</td>\n",
       "      <td>18.61</td>\n",
       "      <td>1</td>\n",
       "      <td>1</td>\n",
       "      <td>4</td>\n",
       "      <td>1</td>\n",
       "    </tr>\n",
       "    <tr>\n",
       "      <th>3</th>\n",
       "      <td>21.4</td>\n",
       "      <td>6</td>\n",
       "      <td>258.0</td>\n",
       "      <td>110</td>\n",
       "      <td>3.08</td>\n",
       "      <td>3.215</td>\n",
       "      <td>19.44</td>\n",
       "      <td>1</td>\n",
       "      <td>0</td>\n",
       "      <td>3</td>\n",
       "      <td>1</td>\n",
       "    </tr>\n",
       "    <tr>\n",
       "      <th>4</th>\n",
       "      <td>18.7</td>\n",
       "      <td>8</td>\n",
       "      <td>360.0</td>\n",
       "      <td>175</td>\n",
       "      <td>3.15</td>\n",
       "      <td>3.440</td>\n",
       "      <td>17.02</td>\n",
       "      <td>0</td>\n",
       "      <td>0</td>\n",
       "      <td>3</td>\n",
       "      <td>2</td>\n",
       "    </tr>\n",
       "  </tbody>\n",
       "</table>\n",
       "</div>"
      ],
      "text/plain": [
       "    mpg  cyl   disp   hp  drat     wt   qsec  vs  am  gear  carb\n",
       "0  21.0    6  160.0  110  3.90  2.620  16.46   0   1     4     4\n",
       "1  21.0    6  160.0  110  3.90  2.875  17.02   0   1     4     4\n",
       "2  22.8    4  108.0   93  3.85  2.320  18.61   1   1     4     1\n",
       "3  21.4    6  258.0  110  3.08  3.215  19.44   1   0     3     1\n",
       "4  18.7    8  360.0  175  3.15  3.440  17.02   0   0     3     2"
      ]
     },
     "execution_count": 2,
     "metadata": {},
     "output_type": "execute_result"
    }
   ],
   "source": [
    "# importing the data set\n",
    "mtcars = pd.read_csv(r\"O:\\IMARTICUS LECTURES\\Python\\Pandas Data Set\\Mtcars.csv\")\n",
    "mtcars.head()"
   ]
  },
  {
   "cell_type": "code",
   "execution_count": 4,
   "id": "90410720",
   "metadata": {},
   "outputs": [
    {
     "data": {
      "text/plain": [
       "-0.8676593765172279"
      ]
     },
     "execution_count": 4,
     "metadata": {},
     "output_type": "execute_result"
    }
   ],
   "source": [
    "# getting the correlation between numeric columns\n",
    "\n",
    "mtcars.mpg.corr(mtcars.wt) \n"
   ]
  },
  {
   "cell_type": "code",
   "execution_count": 5,
   "id": "56ee0c3e",
   "metadata": {},
   "outputs": [
    {
     "data": {
      "text/plain": [
       "-0.8676593765172279"
      ]
     },
     "execution_count": 5,
     "metadata": {},
     "output_type": "execute_result"
    }
   ],
   "source": [
    "# where as \n",
    "mtcars.wt.corr(mtcars.mpg)\n",
    "\n",
    "# as we know c0-relation between corr(A,B) = corr(B,A)\n",
    "# i.e, mpg,wt = wt,mpg"
   ]
  },
  {
   "cell_type": "code",
   "execution_count": 6,
   "id": "de032f09",
   "metadata": {},
   "outputs": [
    {
     "data": {
      "text/html": [
       "<div>\n",
       "<style scoped>\n",
       "    .dataframe tbody tr th:only-of-type {\n",
       "        vertical-align: middle;\n",
       "    }\n",
       "\n",
       "    .dataframe tbody tr th {\n",
       "        vertical-align: top;\n",
       "    }\n",
       "\n",
       "    .dataframe thead th {\n",
       "        text-align: right;\n",
       "    }\n",
       "</style>\n",
       "<table border=\"1\" class=\"dataframe\">\n",
       "  <thead>\n",
       "    <tr style=\"text-align: right;\">\n",
       "      <th></th>\n",
       "      <th>mpg</th>\n",
       "      <th>cyl</th>\n",
       "      <th>disp</th>\n",
       "      <th>hp</th>\n",
       "      <th>drat</th>\n",
       "      <th>wt</th>\n",
       "      <th>qsec</th>\n",
       "      <th>vs</th>\n",
       "      <th>am</th>\n",
       "      <th>gear</th>\n",
       "      <th>carb</th>\n",
       "    </tr>\n",
       "  </thead>\n",
       "  <tbody>\n",
       "    <tr>\n",
       "      <th>mpg</th>\n",
       "      <td>1.000000</td>\n",
       "      <td>-0.852162</td>\n",
       "      <td>-0.847551</td>\n",
       "      <td>-0.776168</td>\n",
       "      <td>0.681172</td>\n",
       "      <td>-0.867659</td>\n",
       "      <td>0.418684</td>\n",
       "      <td>0.664039</td>\n",
       "      <td>0.599832</td>\n",
       "      <td>0.480285</td>\n",
       "      <td>-0.550925</td>\n",
       "    </tr>\n",
       "    <tr>\n",
       "      <th>cyl</th>\n",
       "      <td>-0.852162</td>\n",
       "      <td>1.000000</td>\n",
       "      <td>0.902033</td>\n",
       "      <td>0.832447</td>\n",
       "      <td>-0.699938</td>\n",
       "      <td>0.782496</td>\n",
       "      <td>-0.591242</td>\n",
       "      <td>-0.810812</td>\n",
       "      <td>-0.522607</td>\n",
       "      <td>-0.492687</td>\n",
       "      <td>0.526988</td>\n",
       "    </tr>\n",
       "    <tr>\n",
       "      <th>disp</th>\n",
       "      <td>-0.847551</td>\n",
       "      <td>0.902033</td>\n",
       "      <td>1.000000</td>\n",
       "      <td>0.790949</td>\n",
       "      <td>-0.710214</td>\n",
       "      <td>0.887980</td>\n",
       "      <td>-0.433698</td>\n",
       "      <td>-0.710416</td>\n",
       "      <td>-0.591227</td>\n",
       "      <td>-0.555569</td>\n",
       "      <td>0.394977</td>\n",
       "    </tr>\n",
       "    <tr>\n",
       "      <th>hp</th>\n",
       "      <td>-0.776168</td>\n",
       "      <td>0.832447</td>\n",
       "      <td>0.790949</td>\n",
       "      <td>1.000000</td>\n",
       "      <td>-0.448759</td>\n",
       "      <td>0.658748</td>\n",
       "      <td>-0.708223</td>\n",
       "      <td>-0.723097</td>\n",
       "      <td>-0.243204</td>\n",
       "      <td>-0.125704</td>\n",
       "      <td>0.749812</td>\n",
       "    </tr>\n",
       "    <tr>\n",
       "      <th>drat</th>\n",
       "      <td>0.681172</td>\n",
       "      <td>-0.699938</td>\n",
       "      <td>-0.710214</td>\n",
       "      <td>-0.448759</td>\n",
       "      <td>1.000000</td>\n",
       "      <td>-0.712441</td>\n",
       "      <td>0.091205</td>\n",
       "      <td>0.440278</td>\n",
       "      <td>0.712711</td>\n",
       "      <td>0.699610</td>\n",
       "      <td>-0.090790</td>\n",
       "    </tr>\n",
       "    <tr>\n",
       "      <th>wt</th>\n",
       "      <td>-0.867659</td>\n",
       "      <td>0.782496</td>\n",
       "      <td>0.887980</td>\n",
       "      <td>0.658748</td>\n",
       "      <td>-0.712441</td>\n",
       "      <td>1.000000</td>\n",
       "      <td>-0.174716</td>\n",
       "      <td>-0.554916</td>\n",
       "      <td>-0.692495</td>\n",
       "      <td>-0.583287</td>\n",
       "      <td>0.427606</td>\n",
       "    </tr>\n",
       "    <tr>\n",
       "      <th>qsec</th>\n",
       "      <td>0.418684</td>\n",
       "      <td>-0.591242</td>\n",
       "      <td>-0.433698</td>\n",
       "      <td>-0.708223</td>\n",
       "      <td>0.091205</td>\n",
       "      <td>-0.174716</td>\n",
       "      <td>1.000000</td>\n",
       "      <td>0.744535</td>\n",
       "      <td>-0.229861</td>\n",
       "      <td>-0.212682</td>\n",
       "      <td>-0.656249</td>\n",
       "    </tr>\n",
       "    <tr>\n",
       "      <th>vs</th>\n",
       "      <td>0.664039</td>\n",
       "      <td>-0.810812</td>\n",
       "      <td>-0.710416</td>\n",
       "      <td>-0.723097</td>\n",
       "      <td>0.440278</td>\n",
       "      <td>-0.554916</td>\n",
       "      <td>0.744535</td>\n",
       "      <td>1.000000</td>\n",
       "      <td>0.168345</td>\n",
       "      <td>0.206023</td>\n",
       "      <td>-0.569607</td>\n",
       "    </tr>\n",
       "    <tr>\n",
       "      <th>am</th>\n",
       "      <td>0.599832</td>\n",
       "      <td>-0.522607</td>\n",
       "      <td>-0.591227</td>\n",
       "      <td>-0.243204</td>\n",
       "      <td>0.712711</td>\n",
       "      <td>-0.692495</td>\n",
       "      <td>-0.229861</td>\n",
       "      <td>0.168345</td>\n",
       "      <td>1.000000</td>\n",
       "      <td>0.794059</td>\n",
       "      <td>0.057534</td>\n",
       "    </tr>\n",
       "    <tr>\n",
       "      <th>gear</th>\n",
       "      <td>0.480285</td>\n",
       "      <td>-0.492687</td>\n",
       "      <td>-0.555569</td>\n",
       "      <td>-0.125704</td>\n",
       "      <td>0.699610</td>\n",
       "      <td>-0.583287</td>\n",
       "      <td>-0.212682</td>\n",
       "      <td>0.206023</td>\n",
       "      <td>0.794059</td>\n",
       "      <td>1.000000</td>\n",
       "      <td>0.274073</td>\n",
       "    </tr>\n",
       "    <tr>\n",
       "      <th>carb</th>\n",
       "      <td>-0.550925</td>\n",
       "      <td>0.526988</td>\n",
       "      <td>0.394977</td>\n",
       "      <td>0.749812</td>\n",
       "      <td>-0.090790</td>\n",
       "      <td>0.427606</td>\n",
       "      <td>-0.656249</td>\n",
       "      <td>-0.569607</td>\n",
       "      <td>0.057534</td>\n",
       "      <td>0.274073</td>\n",
       "      <td>1.000000</td>\n",
       "    </tr>\n",
       "  </tbody>\n",
       "</table>\n",
       "</div>"
      ],
      "text/plain": [
       "           mpg       cyl      disp        hp      drat        wt      qsec  \\\n",
       "mpg   1.000000 -0.852162 -0.847551 -0.776168  0.681172 -0.867659  0.418684   \n",
       "cyl  -0.852162  1.000000  0.902033  0.832447 -0.699938  0.782496 -0.591242   \n",
       "disp -0.847551  0.902033  1.000000  0.790949 -0.710214  0.887980 -0.433698   \n",
       "hp   -0.776168  0.832447  0.790949  1.000000 -0.448759  0.658748 -0.708223   \n",
       "drat  0.681172 -0.699938 -0.710214 -0.448759  1.000000 -0.712441  0.091205   \n",
       "wt   -0.867659  0.782496  0.887980  0.658748 -0.712441  1.000000 -0.174716   \n",
       "qsec  0.418684 -0.591242 -0.433698 -0.708223  0.091205 -0.174716  1.000000   \n",
       "vs    0.664039 -0.810812 -0.710416 -0.723097  0.440278 -0.554916  0.744535   \n",
       "am    0.599832 -0.522607 -0.591227 -0.243204  0.712711 -0.692495 -0.229861   \n",
       "gear  0.480285 -0.492687 -0.555569 -0.125704  0.699610 -0.583287 -0.212682   \n",
       "carb -0.550925  0.526988  0.394977  0.749812 -0.090790  0.427606 -0.656249   \n",
       "\n",
       "            vs        am      gear      carb  \n",
       "mpg   0.664039  0.599832  0.480285 -0.550925  \n",
       "cyl  -0.810812 -0.522607 -0.492687  0.526988  \n",
       "disp -0.710416 -0.591227 -0.555569  0.394977  \n",
       "hp   -0.723097 -0.243204 -0.125704  0.749812  \n",
       "drat  0.440278  0.712711  0.699610 -0.090790  \n",
       "wt   -0.554916 -0.692495 -0.583287  0.427606  \n",
       "qsec  0.744535 -0.229861 -0.212682 -0.656249  \n",
       "vs    1.000000  0.168345  0.206023 -0.569607  \n",
       "am    0.168345  1.000000  0.794059  0.057534  \n",
       "gear  0.206023  0.794059  1.000000  0.274073  \n",
       "carb -0.569607  0.057534  0.274073  1.000000  "
      ]
     },
     "execution_count": 6,
     "metadata": {},
     "output_type": "execute_result"
    }
   ],
   "source": [
    "mtcars.corr()\n",
    "\n",
    "# this is known as your co-relation matrix\n",
    "# as we can see in corelation matrix diagonal elemnts will always be 1"
   ]
  },
  {
   "cell_type": "code",
   "execution_count": null,
   "id": "5ebaf7f7",
   "metadata": {},
   "outputs": [],
   "source": []
  },
  {
   "cell_type": "code",
   "execution_count": 8,
   "id": "e7997f13",
   "metadata": {},
   "outputs": [
    {
     "data": {
      "text/html": [
       "<div>\n",
       "<style scoped>\n",
       "    .dataframe tbody tr th:only-of-type {\n",
       "        vertical-align: middle;\n",
       "    }\n",
       "\n",
       "    .dataframe tbody tr th {\n",
       "        vertical-align: top;\n",
       "    }\n",
       "\n",
       "    .dataframe thead th {\n",
       "        text-align: right;\n",
       "    }\n",
       "</style>\n",
       "<table border=\"1\" class=\"dataframe\">\n",
       "  <thead>\n",
       "    <tr style=\"text-align: right;\">\n",
       "      <th></th>\n",
       "      <th>Bodyfat</th>\n",
       "      <th>Age</th>\n",
       "      <th>Weight</th>\n",
       "      <th>Height</th>\n",
       "      <th>Neck</th>\n",
       "      <th>Chest</th>\n",
       "      <th>Abdomen</th>\n",
       "      <th>Ankle</th>\n",
       "      <th>Biceps</th>\n",
       "      <th>Wrist</th>\n",
       "    </tr>\n",
       "  </thead>\n",
       "  <tbody>\n",
       "    <tr>\n",
       "      <th>0</th>\n",
       "      <td>32.3</td>\n",
       "      <td>41</td>\n",
       "      <td>247.25</td>\n",
       "      <td>73.50</td>\n",
       "      <td>42.1</td>\n",
       "      <td>117.0</td>\n",
       "      <td>115.6</td>\n",
       "      <td>26.3</td>\n",
       "      <td>37.3</td>\n",
       "      <td>19.7</td>\n",
       "    </tr>\n",
       "    <tr>\n",
       "      <th>1</th>\n",
       "      <td>22.5</td>\n",
       "      <td>31</td>\n",
       "      <td>177.25</td>\n",
       "      <td>71.50</td>\n",
       "      <td>36.2</td>\n",
       "      <td>101.1</td>\n",
       "      <td>92.4</td>\n",
       "      <td>24.6</td>\n",
       "      <td>30.1</td>\n",
       "      <td>18.2</td>\n",
       "    </tr>\n",
       "    <tr>\n",
       "      <th>2</th>\n",
       "      <td>22.0</td>\n",
       "      <td>42</td>\n",
       "      <td>156.25</td>\n",
       "      <td>69.00</td>\n",
       "      <td>35.5</td>\n",
       "      <td>97.8</td>\n",
       "      <td>86.0</td>\n",
       "      <td>24.0</td>\n",
       "      <td>31.2</td>\n",
       "      <td>17.4</td>\n",
       "    </tr>\n",
       "    <tr>\n",
       "      <th>3</th>\n",
       "      <td>12.3</td>\n",
       "      <td>23</td>\n",
       "      <td>154.25</td>\n",
       "      <td>67.75</td>\n",
       "      <td>36.2</td>\n",
       "      <td>93.1</td>\n",
       "      <td>85.2</td>\n",
       "      <td>21.9</td>\n",
       "      <td>32.0</td>\n",
       "      <td>17.1</td>\n",
       "    </tr>\n",
       "    <tr>\n",
       "      <th>4</th>\n",
       "      <td>20.5</td>\n",
       "      <td>46</td>\n",
       "      <td>177.00</td>\n",
       "      <td>70.00</td>\n",
       "      <td>37.2</td>\n",
       "      <td>99.7</td>\n",
       "      <td>95.6</td>\n",
       "      <td>22.5</td>\n",
       "      <td>29.1</td>\n",
       "      <td>17.7</td>\n",
       "    </tr>\n",
       "    <tr>\n",
       "      <th>...</th>\n",
       "      <td>...</td>\n",
       "      <td>...</td>\n",
       "      <td>...</td>\n",
       "      <td>...</td>\n",
       "      <td>...</td>\n",
       "      <td>...</td>\n",
       "      <td>...</td>\n",
       "      <td>...</td>\n",
       "      <td>...</td>\n",
       "      <td>...</td>\n",
       "    </tr>\n",
       "    <tr>\n",
       "      <th>95</th>\n",
       "      <td>20.1</td>\n",
       "      <td>48</td>\n",
       "      <td>177.25</td>\n",
       "      <td>72.75</td>\n",
       "      <td>36.8</td>\n",
       "      <td>96.0</td>\n",
       "      <td>90.0</td>\n",
       "      <td>22.8</td>\n",
       "      <td>29.9</td>\n",
       "      <td>18.1</td>\n",
       "    </tr>\n",
       "    <tr>\n",
       "      <th>96</th>\n",
       "      <td>29.4</td>\n",
       "      <td>43</td>\n",
       "      <td>187.75</td>\n",
       "      <td>74.00</td>\n",
       "      <td>37.7</td>\n",
       "      <td>97.8</td>\n",
       "      <td>98.6</td>\n",
       "      <td>23.8</td>\n",
       "      <td>34.3</td>\n",
       "      <td>17.7</td>\n",
       "    </tr>\n",
       "    <tr>\n",
       "      <th>97</th>\n",
       "      <td>13.0</td>\n",
       "      <td>33</td>\n",
       "      <td>184.25</td>\n",
       "      <td>68.75</td>\n",
       "      <td>40.7</td>\n",
       "      <td>98.9</td>\n",
       "      <td>92.1</td>\n",
       "      <td>23.5</td>\n",
       "      <td>33.5</td>\n",
       "      <td>19.7</td>\n",
       "    </tr>\n",
       "    <tr>\n",
       "      <th>98</th>\n",
       "      <td>25.2</td>\n",
       "      <td>26</td>\n",
       "      <td>223.00</td>\n",
       "      <td>70.25</td>\n",
       "      <td>40.6</td>\n",
       "      <td>114.1</td>\n",
       "      <td>106.8</td>\n",
       "      <td>24.7</td>\n",
       "      <td>36.0</td>\n",
       "      <td>18.4</td>\n",
       "    </tr>\n",
       "    <tr>\n",
       "      <th>99</th>\n",
       "      <td>4.0</td>\n",
       "      <td>47</td>\n",
       "      <td>127.50</td>\n",
       "      <td>66.75</td>\n",
       "      <td>34.0</td>\n",
       "      <td>83.4</td>\n",
       "      <td>70.4</td>\n",
       "      <td>21.9</td>\n",
       "      <td>26.8</td>\n",
       "      <td>16.8</td>\n",
       "    </tr>\n",
       "  </tbody>\n",
       "</table>\n",
       "<p>100 rows × 10 columns</p>\n",
       "</div>"
      ],
      "text/plain": [
       "    Bodyfat  Age  Weight  Height  Neck  Chest  Abdomen  Ankle  Biceps  Wrist\n",
       "0      32.3   41  247.25   73.50  42.1  117.0    115.6   26.3    37.3   19.7\n",
       "1      22.5   31  177.25   71.50  36.2  101.1     92.4   24.6    30.1   18.2\n",
       "2      22.0   42  156.25   69.00  35.5   97.8     86.0   24.0    31.2   17.4\n",
       "3      12.3   23  154.25   67.75  36.2   93.1     85.2   21.9    32.0   17.1\n",
       "4      20.5   46  177.00   70.00  37.2   99.7     95.6   22.5    29.1   17.7\n",
       "..      ...  ...     ...     ...   ...    ...      ...    ...     ...    ...\n",
       "95     20.1   48  177.25   72.75  36.8   96.0     90.0   22.8    29.9   18.1\n",
       "96     29.4   43  187.75   74.00  37.7   97.8     98.6   23.8    34.3   17.7\n",
       "97     13.0   33  184.25   68.75  40.7   98.9     92.1   23.5    33.5   19.7\n",
       "98     25.2   26  223.00   70.25  40.6  114.1    106.8   24.7    36.0   18.4\n",
       "99      4.0   47  127.50   66.75  34.0   83.4     70.4   21.9    26.8   16.8\n",
       "\n",
       "[100 rows x 10 columns]"
      ]
     },
     "execution_count": 8,
     "metadata": {},
     "output_type": "execute_result"
    }
   ],
   "source": [
    "# importing the 02nd file\n",
    "\n",
    "bf = pd.read_csv(r\"O:\\IMARTICUS LECTURES\\Python\\Pandas Data Set\\bodyfat.csv\")\n",
    "bf"
   ]
  },
  {
   "cell_type": "code",
   "execution_count": 9,
   "id": "cccf6417",
   "metadata": {},
   "outputs": [
    {
     "data": {
      "text/html": [
       "<div>\n",
       "<style scoped>\n",
       "    .dataframe tbody tr th:only-of-type {\n",
       "        vertical-align: middle;\n",
       "    }\n",
       "\n",
       "    .dataframe tbody tr th {\n",
       "        vertical-align: top;\n",
       "    }\n",
       "\n",
       "    .dataframe thead th {\n",
       "        text-align: right;\n",
       "    }\n",
       "</style>\n",
       "<table border=\"1\" class=\"dataframe\">\n",
       "  <thead>\n",
       "    <tr style=\"text-align: right;\">\n",
       "      <th></th>\n",
       "      <th>Bodyfat</th>\n",
       "      <th>Age</th>\n",
       "      <th>Weight</th>\n",
       "      <th>Height</th>\n",
       "      <th>Neck</th>\n",
       "      <th>Chest</th>\n",
       "      <th>Abdomen</th>\n",
       "      <th>Ankle</th>\n",
       "      <th>Biceps</th>\n",
       "      <th>Wrist</th>\n",
       "    </tr>\n",
       "  </thead>\n",
       "  <tbody>\n",
       "    <tr>\n",
       "      <th>Bodyfat</th>\n",
       "      <td>1.000000</td>\n",
       "      <td>0.255798</td>\n",
       "      <td>0.595959</td>\n",
       "      <td>0.032210</td>\n",
       "      <td>0.504443</td>\n",
       "      <td>0.682266</td>\n",
       "      <td>0.811593</td>\n",
       "      <td>0.387911</td>\n",
       "      <td>0.418107</td>\n",
       "      <td>0.373095</td>\n",
       "    </tr>\n",
       "    <tr>\n",
       "      <th>Age</th>\n",
       "      <td>0.255798</td>\n",
       "      <td>1.000000</td>\n",
       "      <td>-0.097905</td>\n",
       "      <td>-0.268673</td>\n",
       "      <td>0.038501</td>\n",
       "      <td>0.072908</td>\n",
       "      <td>0.141339</td>\n",
       "      <td>-0.073522</td>\n",
       "      <td>-0.079398</td>\n",
       "      <td>0.216315</td>\n",
       "    </tr>\n",
       "    <tr>\n",
       "      <th>Weight</th>\n",
       "      <td>0.595959</td>\n",
       "      <td>-0.097905</td>\n",
       "      <td>1.000000</td>\n",
       "      <td>0.568433</td>\n",
       "      <td>0.838977</td>\n",
       "      <td>0.916047</td>\n",
       "      <td>0.888317</td>\n",
       "      <td>0.790388</td>\n",
       "      <td>0.786266</td>\n",
       "      <td>0.755123</td>\n",
       "    </tr>\n",
       "    <tr>\n",
       "      <th>Height</th>\n",
       "      <td>0.032210</td>\n",
       "      <td>-0.268673</td>\n",
       "      <td>0.568433</td>\n",
       "      <td>1.000000</td>\n",
       "      <td>0.370396</td>\n",
       "      <td>0.345312</td>\n",
       "      <td>0.265403</td>\n",
       "      <td>0.454985</td>\n",
       "      <td>0.435460</td>\n",
       "      <td>0.420928</td>\n",
       "    </tr>\n",
       "    <tr>\n",
       "      <th>Neck</th>\n",
       "      <td>0.504443</td>\n",
       "      <td>0.038501</td>\n",
       "      <td>0.838977</td>\n",
       "      <td>0.370396</td>\n",
       "      <td>1.000000</td>\n",
       "      <td>0.789799</td>\n",
       "      <td>0.769086</td>\n",
       "      <td>0.664068</td>\n",
       "      <td>0.701067</td>\n",
       "      <td>0.777259</td>\n",
       "    </tr>\n",
       "    <tr>\n",
       "      <th>Chest</th>\n",
       "      <td>0.682266</td>\n",
       "      <td>0.072908</td>\n",
       "      <td>0.916047</td>\n",
       "      <td>0.345312</td>\n",
       "      <td>0.789799</td>\n",
       "      <td>1.000000</td>\n",
       "      <td>0.922728</td>\n",
       "      <td>0.700092</td>\n",
       "      <td>0.730124</td>\n",
       "      <td>0.695795</td>\n",
       "    </tr>\n",
       "    <tr>\n",
       "      <th>Abdomen</th>\n",
       "      <td>0.811593</td>\n",
       "      <td>0.141339</td>\n",
       "      <td>0.888317</td>\n",
       "      <td>0.265403</td>\n",
       "      <td>0.769086</td>\n",
       "      <td>0.922728</td>\n",
       "      <td>1.000000</td>\n",
       "      <td>0.643211</td>\n",
       "      <td>0.652148</td>\n",
       "      <td>0.672061</td>\n",
       "    </tr>\n",
       "    <tr>\n",
       "      <th>Ankle</th>\n",
       "      <td>0.387911</td>\n",
       "      <td>-0.073522</td>\n",
       "      <td>0.790388</td>\n",
       "      <td>0.454985</td>\n",
       "      <td>0.664068</td>\n",
       "      <td>0.700092</td>\n",
       "      <td>0.643211</td>\n",
       "      <td>1.000000</td>\n",
       "      <td>0.650841</td>\n",
       "      <td>0.688320</td>\n",
       "    </tr>\n",
       "    <tr>\n",
       "      <th>Biceps</th>\n",
       "      <td>0.418107</td>\n",
       "      <td>-0.079398</td>\n",
       "      <td>0.786266</td>\n",
       "      <td>0.435460</td>\n",
       "      <td>0.701067</td>\n",
       "      <td>0.730124</td>\n",
       "      <td>0.652148</td>\n",
       "      <td>0.650841</td>\n",
       "      <td>1.000000</td>\n",
       "      <td>0.630473</td>\n",
       "    </tr>\n",
       "    <tr>\n",
       "      <th>Wrist</th>\n",
       "      <td>0.373095</td>\n",
       "      <td>0.216315</td>\n",
       "      <td>0.755123</td>\n",
       "      <td>0.420928</td>\n",
       "      <td>0.777259</td>\n",
       "      <td>0.695795</td>\n",
       "      <td>0.672061</td>\n",
       "      <td>0.688320</td>\n",
       "      <td>0.630473</td>\n",
       "      <td>1.000000</td>\n",
       "    </tr>\n",
       "  </tbody>\n",
       "</table>\n",
       "</div>"
      ],
      "text/plain": [
       "          Bodyfat       Age    Weight    Height      Neck     Chest   Abdomen  \\\n",
       "Bodyfat  1.000000  0.255798  0.595959  0.032210  0.504443  0.682266  0.811593   \n",
       "Age      0.255798  1.000000 -0.097905 -0.268673  0.038501  0.072908  0.141339   \n",
       "Weight   0.595959 -0.097905  1.000000  0.568433  0.838977  0.916047  0.888317   \n",
       "Height   0.032210 -0.268673  0.568433  1.000000  0.370396  0.345312  0.265403   \n",
       "Neck     0.504443  0.038501  0.838977  0.370396  1.000000  0.789799  0.769086   \n",
       "Chest    0.682266  0.072908  0.916047  0.345312  0.789799  1.000000  0.922728   \n",
       "Abdomen  0.811593  0.141339  0.888317  0.265403  0.769086  0.922728  1.000000   \n",
       "Ankle    0.387911 -0.073522  0.790388  0.454985  0.664068  0.700092  0.643211   \n",
       "Biceps   0.418107 -0.079398  0.786266  0.435460  0.701067  0.730124  0.652148   \n",
       "Wrist    0.373095  0.216315  0.755123  0.420928  0.777259  0.695795  0.672061   \n",
       "\n",
       "            Ankle    Biceps     Wrist  \n",
       "Bodyfat  0.387911  0.418107  0.373095  \n",
       "Age     -0.073522 -0.079398  0.216315  \n",
       "Weight   0.790388  0.786266  0.755123  \n",
       "Height   0.454985  0.435460  0.420928  \n",
       "Neck     0.664068  0.701067  0.777259  \n",
       "Chest    0.700092  0.730124  0.695795  \n",
       "Abdomen  0.643211  0.652148  0.672061  \n",
       "Ankle    1.000000  0.650841  0.688320  \n",
       "Biceps   0.650841  1.000000  0.630473  \n",
       "Wrist    0.688320  0.630473  1.000000  "
      ]
     },
     "execution_count": 9,
     "metadata": {},
     "output_type": "execute_result"
    }
   ],
   "source": [
    "bf.corr()\n",
    "\n",
    "# calculating the co-relation between the columns\n",
    "# the bodyfat is high at Abdomen area"
   ]
  },
  {
   "cell_type": "code",
   "execution_count": null,
   "id": "d0ee1493",
   "metadata": {},
   "outputs": [],
   "source": []
  },
  {
   "cell_type": "markdown",
   "id": "9ef0fff5",
   "metadata": {},
   "source": [
    "## Commands-"
   ]
  },
  {
   "cell_type": "code",
   "execution_count": 10,
   "id": "b56490e0",
   "metadata": {},
   "outputs": [
    {
     "data": {
      "text/html": [
       "<div>\n",
       "<style scoped>\n",
       "    .dataframe tbody tr th:only-of-type {\n",
       "        vertical-align: middle;\n",
       "    }\n",
       "\n",
       "    .dataframe tbody tr th {\n",
       "        vertical-align: top;\n",
       "    }\n",
       "\n",
       "    .dataframe thead th {\n",
       "        text-align: right;\n",
       "    }\n",
       "</style>\n",
       "<table border=\"1\" class=\"dataframe\">\n",
       "  <thead>\n",
       "    <tr style=\"text-align: right;\">\n",
       "      <th></th>\n",
       "      <th>mpg</th>\n",
       "      <th>cyl</th>\n",
       "      <th>disp</th>\n",
       "      <th>hp</th>\n",
       "      <th>drat</th>\n",
       "      <th>wt</th>\n",
       "      <th>qsec</th>\n",
       "      <th>vs</th>\n",
       "      <th>am</th>\n",
       "      <th>gear</th>\n",
       "      <th>carb</th>\n",
       "    </tr>\n",
       "  </thead>\n",
       "  <tbody>\n",
       "    <tr>\n",
       "      <th>0</th>\n",
       "      <td>21.0</td>\n",
       "      <td>6</td>\n",
       "      <td>160.0</td>\n",
       "      <td>110</td>\n",
       "      <td>3.90</td>\n",
       "      <td>2.620</td>\n",
       "      <td>16.46</td>\n",
       "      <td>0</td>\n",
       "      <td>1</td>\n",
       "      <td>4</td>\n",
       "      <td>4</td>\n",
       "    </tr>\n",
       "    <tr>\n",
       "      <th>1</th>\n",
       "      <td>21.0</td>\n",
       "      <td>6</td>\n",
       "      <td>160.0</td>\n",
       "      <td>110</td>\n",
       "      <td>3.90</td>\n",
       "      <td>2.875</td>\n",
       "      <td>17.02</td>\n",
       "      <td>0</td>\n",
       "      <td>1</td>\n",
       "      <td>4</td>\n",
       "      <td>4</td>\n",
       "    </tr>\n",
       "    <tr>\n",
       "      <th>3</th>\n",
       "      <td>21.4</td>\n",
       "      <td>6</td>\n",
       "      <td>258.0</td>\n",
       "      <td>110</td>\n",
       "      <td>3.08</td>\n",
       "      <td>3.215</td>\n",
       "      <td>19.44</td>\n",
       "      <td>1</td>\n",
       "      <td>0</td>\n",
       "      <td>3</td>\n",
       "      <td>1</td>\n",
       "    </tr>\n",
       "    <tr>\n",
       "      <th>5</th>\n",
       "      <td>18.1</td>\n",
       "      <td>6</td>\n",
       "      <td>225.0</td>\n",
       "      <td>105</td>\n",
       "      <td>2.76</td>\n",
       "      <td>3.460</td>\n",
       "      <td>20.22</td>\n",
       "      <td>1</td>\n",
       "      <td>0</td>\n",
       "      <td>3</td>\n",
       "      <td>1</td>\n",
       "    </tr>\n",
       "    <tr>\n",
       "      <th>9</th>\n",
       "      <td>19.2</td>\n",
       "      <td>6</td>\n",
       "      <td>167.6</td>\n",
       "      <td>123</td>\n",
       "      <td>3.92</td>\n",
       "      <td>3.440</td>\n",
       "      <td>18.30</td>\n",
       "      <td>1</td>\n",
       "      <td>0</td>\n",
       "      <td>4</td>\n",
       "      <td>4</td>\n",
       "    </tr>\n",
       "    <tr>\n",
       "      <th>10</th>\n",
       "      <td>17.8</td>\n",
       "      <td>6</td>\n",
       "      <td>167.6</td>\n",
       "      <td>123</td>\n",
       "      <td>3.92</td>\n",
       "      <td>3.440</td>\n",
       "      <td>18.90</td>\n",
       "      <td>1</td>\n",
       "      <td>0</td>\n",
       "      <td>4</td>\n",
       "      <td>4</td>\n",
       "    </tr>\n",
       "    <tr>\n",
       "      <th>29</th>\n",
       "      <td>19.7</td>\n",
       "      <td>6</td>\n",
       "      <td>145.0</td>\n",
       "      <td>175</td>\n",
       "      <td>3.62</td>\n",
       "      <td>2.770</td>\n",
       "      <td>15.50</td>\n",
       "      <td>0</td>\n",
       "      <td>1</td>\n",
       "      <td>5</td>\n",
       "      <td>6</td>\n",
       "    </tr>\n",
       "  </tbody>\n",
       "</table>\n",
       "</div>"
      ],
      "text/plain": [
       "     mpg  cyl   disp   hp  drat     wt   qsec  vs  am  gear  carb\n",
       "0   21.0    6  160.0  110  3.90  2.620  16.46   0   1     4     4\n",
       "1   21.0    6  160.0  110  3.90  2.875  17.02   0   1     4     4\n",
       "3   21.4    6  258.0  110  3.08  3.215  19.44   1   0     3     1\n",
       "5   18.1    6  225.0  105  2.76  3.460  20.22   1   0     3     1\n",
       "9   19.2    6  167.6  123  3.92  3.440  18.30   1   0     4     4\n",
       "10  17.8    6  167.6  123  3.92  3.440  18.90   1   0     4     4\n",
       "29  19.7    6  145.0  175  3.62  2.770  15.50   0   1     5     6"
      ]
     },
     "execution_count": 10,
     "metadata": {},
     "output_type": "execute_result"
    }
   ],
   "source": [
    "# from mtcars shoow only those cars which are having cyl as 6\n",
    "\n",
    "mtcars[mtcars.cyl == 6]\n",
    "\n",
    "# as we are not taking any function hence we are using [] \n",
    "# if we take function we use ()"
   ]
  },
  {
   "cell_type": "code",
   "execution_count": 13,
   "id": "e8340b64",
   "metadata": {},
   "outputs": [
    {
     "data": {
      "text/html": [
       "<div>\n",
       "<style scoped>\n",
       "    .dataframe tbody tr th:only-of-type {\n",
       "        vertical-align: middle;\n",
       "    }\n",
       "\n",
       "    .dataframe tbody tr th {\n",
       "        vertical-align: top;\n",
       "    }\n",
       "\n",
       "    .dataframe thead th {\n",
       "        text-align: right;\n",
       "    }\n",
       "</style>\n",
       "<table border=\"1\" class=\"dataframe\">\n",
       "  <thead>\n",
       "    <tr style=\"text-align: right;\">\n",
       "      <th></th>\n",
       "      <th>mpg</th>\n",
       "      <th>cyl</th>\n",
       "      <th>disp</th>\n",
       "      <th>hp</th>\n",
       "      <th>drat</th>\n",
       "      <th>wt</th>\n",
       "      <th>qsec</th>\n",
       "      <th>vs</th>\n",
       "      <th>am</th>\n",
       "      <th>gear</th>\n",
       "      <th>carb</th>\n",
       "    </tr>\n",
       "  </thead>\n",
       "  <tbody>\n",
       "    <tr>\n",
       "      <th>9</th>\n",
       "      <td>19.2</td>\n",
       "      <td>6</td>\n",
       "      <td>167.6</td>\n",
       "      <td>123</td>\n",
       "      <td>3.92</td>\n",
       "      <td>3.44</td>\n",
       "      <td>18.3</td>\n",
       "      <td>1</td>\n",
       "      <td>0</td>\n",
       "      <td>4</td>\n",
       "      <td>4</td>\n",
       "    </tr>\n",
       "    <tr>\n",
       "      <th>10</th>\n",
       "      <td>17.8</td>\n",
       "      <td>6</td>\n",
       "      <td>167.6</td>\n",
       "      <td>123</td>\n",
       "      <td>3.92</td>\n",
       "      <td>3.44</td>\n",
       "      <td>18.9</td>\n",
       "      <td>1</td>\n",
       "      <td>0</td>\n",
       "      <td>4</td>\n",
       "      <td>4</td>\n",
       "    </tr>\n",
       "    <tr>\n",
       "      <th>29</th>\n",
       "      <td>19.7</td>\n",
       "      <td>6</td>\n",
       "      <td>145.0</td>\n",
       "      <td>175</td>\n",
       "      <td>3.62</td>\n",
       "      <td>2.77</td>\n",
       "      <td>15.5</td>\n",
       "      <td>0</td>\n",
       "      <td>1</td>\n",
       "      <td>5</td>\n",
       "      <td>6</td>\n",
       "    </tr>\n",
       "  </tbody>\n",
       "</table>\n",
       "</div>"
      ],
      "text/plain": [
       "     mpg  cyl   disp   hp  drat    wt  qsec  vs  am  gear  carb\n",
       "9   19.2    6  167.6  123  3.92  3.44  18.3   1   0     4     4\n",
       "10  17.8    6  167.6  123  3.92  3.44  18.9   1   0     4     4\n",
       "29  19.7    6  145.0  175  3.62  2.77  15.5   0   1     5     6"
      ]
     },
     "execution_count": 13,
     "metadata": {},
     "output_type": "execute_result"
    }
   ],
   "source": [
    "# select only those car which are having 6 cyl and having HP more than 120\n",
    "\n",
    "# symbol for 'and' is &\n",
    "# symbol for 'or' is | (straight line)\n",
    "\n",
    "\n",
    "mtcars[(mtcars.cyl == 6) & (mtcars.hp > 120)]"
   ]
  },
  {
   "cell_type": "code",
   "execution_count": 21,
   "id": "863d4c03",
   "metadata": {},
   "outputs": [],
   "source": [
    "# from data set credit_risk \n",
    "# Extract Gendder= male , income > 5000 and Education = graduate\n",
    "\n",
    "df = cr[(cr.Gender == 'Male') & (cr.ApplicantIncome > 5000) & (cr.Education == 'Graduate')]"
   ]
  },
  {
   "cell_type": "code",
   "execution_count": 23,
   "id": "9cd9d2d4",
   "metadata": {},
   "outputs": [
    {
     "data": {
      "text/plain": [
       "216"
      ]
     },
     "execution_count": 23,
     "metadata": {},
     "output_type": "execute_result"
    }
   ],
   "source": [
    "df.shape[0]\n",
    "\n",
    "# there are 216 records which satisfies the above condition"
   ]
  },
  {
   "cell_type": "code",
   "execution_count": 28,
   "id": "b085e20f",
   "metadata": {},
   "outputs": [],
   "source": [
    "# wish to select 01st, 100th, 200th, 300th, 400th, 500th, 600th row and\n",
    "# wish to select all the columns frm applicantincome"
   ]
  },
  {
   "cell_type": "code",
   "execution_count": 29,
   "id": "01cbe4ac",
   "metadata": {},
   "outputs": [
    {
     "data": {
      "text/html": [
       "<div>\n",
       "<style scoped>\n",
       "    .dataframe tbody tr th:only-of-type {\n",
       "        vertical-align: middle;\n",
       "    }\n",
       "\n",
       "    .dataframe tbody tr th {\n",
       "        vertical-align: top;\n",
       "    }\n",
       "\n",
       "    .dataframe thead th {\n",
       "        text-align: right;\n",
       "    }\n",
       "</style>\n",
       "<table border=\"1\" class=\"dataframe\">\n",
       "  <thead>\n",
       "    <tr style=\"text-align: right;\">\n",
       "      <th></th>\n",
       "      <th>ApplicantIncome</th>\n",
       "      <th>CoapplicantIncome</th>\n",
       "      <th>LoanAmount</th>\n",
       "      <th>Loan_Amount_Term</th>\n",
       "      <th>Credit_History</th>\n",
       "      <th>Property_Area</th>\n",
       "      <th>Loan_Status</th>\n",
       "    </tr>\n",
       "  </thead>\n",
       "  <tbody>\n",
       "    <tr>\n",
       "      <th>0</th>\n",
       "      <td>5849</td>\n",
       "      <td>0.0</td>\n",
       "      <td>NaN</td>\n",
       "      <td>360.0</td>\n",
       "      <td>1.0</td>\n",
       "      <td>Urban</td>\n",
       "      <td>Y</td>\n",
       "    </tr>\n",
       "    <tr>\n",
       "      <th>99</th>\n",
       "      <td>1759</td>\n",
       "      <td>3541.0</td>\n",
       "      <td>131.0</td>\n",
       "      <td>360.0</td>\n",
       "      <td>1.0</td>\n",
       "      <td>Semiurban</td>\n",
       "      <td>Y</td>\n",
       "    </tr>\n",
       "    <tr>\n",
       "      <th>199</th>\n",
       "      <td>11000</td>\n",
       "      <td>0.0</td>\n",
       "      <td>83.0</td>\n",
       "      <td>360.0</td>\n",
       "      <td>1.0</td>\n",
       "      <td>Urban</td>\n",
       "      <td>N</td>\n",
       "    </tr>\n",
       "    <tr>\n",
       "      <th>299</th>\n",
